# Time-averaged data for fix rdf
# TimeStep Number-of-rows
# Row c_gofr[1] c_gofr[2] c_gofr[3] c_gofr[4] c_gofr[5] c_gofr[6] c_gofr[7]
1000 100
1 0.06 0 0 0 0 0 0
2 0.18 0 0 0 0 0 0
3 0.3 0 0 0 0 0 0
4 0.42 0 0 0 0 0 0
5 0.54 0 0 0 0 0 0
6 0.66 0 0 0 0 0 0
7 0.78 0 0 0 0 0 0
8 0.9 0 0 0 0 0 0
9 1.02 0 0 0 0 18.9675 2
10 1.14 0 0 0 0 0 2
11 1.26 0 0 0 0 0 2
12 1.38 0 0 0 0 0 2
13 1.5 0 0 0.00263368 0.0006 0.0529486 2.01207
14 1.62 0 0 3.78162 1.0054 0.697028 2.19733
15 1.74 0 0 0.0854785 1.0316 1.50049 2.6574
16 1.86 0 0 0.25926 1.1224 1.27779 3.10507
17 1.98 0 0 0.561575 1.34527 0.780872 3.41507
18 2.1 0 0 0.884396 1.74007 0.459667 3.62033
19 2.22 0 0 1.19096 2.3342 0.267984 3.75407
20 2.34 0 0 1.34213 3.07807 0.208744 3.8698
21 2.46 0.0352751 0.0108 1.27775 3.86073 0.197583 3.99087
22 2.58 0.925692 0.322533 1.12596 4.61933 0.257976 4.16473
23 2.7 2.73351 1.33067 0.926466 5.30293 0.397053 4.4578
24 2.82 2.63908 2.3924 0.79431 5.94227 0.62588 4.96173
25 2.94 1.72218 3.14547 0.716321 6.56893 0.937154 5.78187
26 3.06 1.14279 3.6868 0.731101 7.2618 1.28985 7.00467
27 3.18 0.876518 4.1352 0.781191 8.06133 1.52598 8.567
28 3.3 0.841286 4.59867 0.853224 9.00173 1.5428 10.268
29 3.42 0.85878 5.1068 0.947925 10.1239 1.41787 11.947
30 3.54 0.858128 5.6508 1.02158 11.4195 1.29022 13.5839
31 3.66 0.885227 6.25067 1.09982 12.9106 1.16336 15.1617
32 3.78 0.896327 6.89853 1.15576 14.5819 1.04846 16.6783
33 3.9 0.984987 7.6564 1.16543 16.3759 0.994115 18.2091
34 4.02 0.994261 8.4692 1.15261 18.2611 0.982107 19.8159
35 4.14 1.05511 9.384 1.08442 20.1421 0.975257 21.5082
36 4.26 1.08133 10.3767 1.06663 22.1011 0.963292 23.278
37 4.38 1.09392 11.4383 1.03594 24.1125 0.968146 25.1583
38 4.5 1.09389 12.5588 1.01887 26.2005 0.95795 27.1222
39 4.62 1.08572 13.7311 1.01472 28.3925 0.946073 29.1665
40 4.74 1.07204 14.9495 1.00815 30.6848 0.959304 31.3485
41 4.86 1.05457 16.2095 1.00154 33.0789 0.958103 33.6395
42 4.98 1.03838 17.5121 0.988307 35.5594 0.973585 36.0839
43 5.1 0.980056 18.8016 0.980312 38.1399 0.997556 38.7107
44 5.22 0.969663 20.1381 0.954085 40.7709 1.0088 41.4935
45 5.34 0.942011 21.4969 0.956712 43.5318 1.02018 44.4385
46 5.46 0.919982 22.8843 0.964554 46.4419 1.02195 47.5228
47 5.58 0.902088 24.3051 0.960286 49.4678 1.01639 50.7266
48 5.7 0.90929 25.7995 0.980822 52.6928 1.00117 54.0196
49 5.82 0.924085 27.3828 0.984085 56.0662 0.992331 57.4224
50 5.94 0.946294 29.0717 1.00658 59.6605 0.988105 60.9519
51 6.06 0.972065 30.8775 1.00911 63.4108 0.97694 64.5839
52 6.18 0.980095 32.7709 1.01207 67.3226 0.966406 68.3204
53 6.3 1.01477 34.8083 1.00504 71.3595 0.977926 72.2497
54 6.42 1.01646 36.9275 1.00613 75.5563 0.979002 76.3347
55 6.54 1.02751 39.1505 0.996903 79.8714 0.986994 80.6083
56 6.66 1.04888 41.5039 1.00376 84.3771 0.996154 85.0814
57 6.78 1.05262 43.9515 0.988969 88.9779 0.997779 89.7247
58 6.9 1.04268 46.4625 0.99667 93.78 1.01166 94.6007
59 7.02 1.04644 49.0711 1.01094 98.8218 1.01315 99.6551
60 7.14 1.02774 51.7213 0.996567 103.963 1.00838 104.859
61 7.26 1.0223 54.4469 1.00103 109.303 1.01523 110.276
62 7.38 0.996928 57.1935 0.996995 114.798 1.01869 115.893
63 7.5 1.00024 60.0395 1.00745 120.533 1.01893 121.695
64 7.62 0.996178 62.9653 1.0031 126.427 1.01443 127.658
65 7.74 0.988056 65.9595 1.00718 132.534 1.01208 133.796
66 7.86 0.990117 69.0536 1.00642 138.826 1.00502 140.082
67 7.98 0.981426 72.2149 1.00853 145.325 0.996863 146.508
68 8.1 0.97723 75.4581 1.00383 151.99 1.00043 153.153
69 8.22 0.980974 78.8109 1.0024 158.845 0.996645 159.97
70 8.34 0.984592 82.2751 1.00161 165.895 0.993034 166.963
71 8.46 0.989342 85.8568 1.00383 173.166 0.993136 174.158
72 8.58 1.01206 89.6255 0.995546 180.583 0.988353 181.524
73 8.7 1.0139 93.5073 1.00198 188.258 0.989118 189.103
74 8.82 1.00785 97.4732 0.996953 196.106 0.993302 196.925
75 8.94 1.01085 101.56 0.998995 204.187 0.990842 204.942
76 9.06 0.997228 105.7 0.986824 212.384 0.995457 213.214
77 9.18 0.997977 109.955 0.994666 220.867 0.999617 221.742
78 9.3 0.988207 114.278 0.996972 229.593 1.00151 230.511
79 9.42 1.00576 118.792 0.996373 238.541 1.00447 239.534
80 9.54 1.00497 123.419 0.999643 247.748 1.00598 248.803
81 9.66 0.999312 128.136 0.999932 257.191 1.00281 258.276
82 9.78 1.00162 132.982 0.998596 266.857 1.00069 267.965
83 9.9 0.999482 137.937 1.00217 276.797 0.997351 277.861
84 10.02 0.998711 143.009 1.00571 287.015 1.00267 288.052
85 10.14 1.00544 148.238 1.00416 297.464 1.00248 298.487
86 10.26 1.00016 153.564 1.00589 308.18 1.00253 309.17
87 10.38 0.999188 159.009 1.00349 319.121 0.998932 320.066
88 10.5 1.00204 164.597 0.99702 330.245 1.0033 331.264
89 10.62 0.997799 170.29 0.998733 341.645 0.998278 342.661
90 10.74 1.00421 176.149 1.00509 353.377 1.00043 354.344
91 10.86 1.00275 182.131 1.00107 365.325 1.00165 366.303
92 10.98 1.01362 188.312 0.999057 377.514 1.00203 378.532
93 11.1 1.00485 194.575 1.00095 389.995 1.00029 391.009
94 11.22 0.998211 200.931 0.998857 402.72 1.00048 403.759
95 11.34 1.00179 207.448 0.998264 415.712 0.997977 416.751
96 11.46 0.994332 214.053 0.996423 428.955 0.998844 430.03
97 11.58 0.998127 220.823 1.00471 442.589 0.999657 443.601
98 11.7 0.995897 227.719 0.999834 456.44 0.999856 457.457
99 11.82 1.00119 234.795 0.999152 470.567 0.997857 471.57
100 11.94 1.00099 242.013 1.00193 485.022 1.00135 486.021
