# Time-averaged data for fix rdf
# TimeStep Number-of-rows
# Row c_gofr[1] c_gofr[2] c_gofr[3]
31000 100
1 0.06 0 0
2 0.18 0 0
3 0.3 0 0
4 0.42 0 0
5 0.54 0 0
6 0.66 0 0
7 0.78 0 0
8 0.9 0 0
9 1.02 0 0
10 1.14 0 0
11 1.26 0 0
12 1.38 0 0
13 1.5 0 0
14 1.62 0 0
15 1.74 0 0
16 1.86 0 0
17 1.98 0 0
18 2.1 0 0
19 2.22 0 0
20 2.34 0 0
21 2.46 0.0212003 0.00625
22 2.58 0.65925 0.22
23 2.7 2.34922 1.05423
24 2.82 2.68936 2.09601
25 2.94 1.93079 2.90894
26 3.06 1.30083 3.50226
27 3.18 1.01118 4.00034
28 3.3 0.919123 4.48788
29 3.42 0.886219 4.99279
30 3.54 0.889867 5.53591
31 3.66 0.891984 6.11793
32 3.78 0.901484 6.74534
33 3.9 0.948464 7.44798
34 4.02 0.969269 8.21091
35 4.14 1.00144 9.04697
36 4.26 1.04125 9.96731
37 4.38 1.04317 10.9421
38 4.5 1.061 11.9886
39 4.62 1.05172 13.0819
40 4.74 1.06281 14.245
41 4.86 1.03903 15.4403
42 4.98 1.03146 16.6862
43 5.1 0.997606 17.95
44 5.22 0.996578 19.2726
45 5.34 0.963017 20.6101
46 5.46 0.947529 21.9859
47 5.58 0.94688 23.4219
48 5.7 0.9354 24.9021
49 5.82 0.945164 26.4614
50 5.94 0.942871 28.0817
51 6.06 0.964346 29.8066
52 6.18 0.976818 31.6237
53 6.3 1.00092 33.5585
54 6.42 1.0098 35.5857
55 6.54 1.02356 37.7179
56 6.66 1.03343 39.9505
57 6.78 1.02647 42.2487
58 6.9 1.03476 44.6481
59 7.02 1.03245 47.1262
60 7.14 1.03261 49.6901
61 7.26 1.02133 52.312
62 7.38 1.01255 54.998
63 7.5 1.0105 57.7664
64 7.62 0.997273 60.5867
65 7.74 0.990751 63.4776
66 7.86 0.989467 66.4548
67 7.98 0.987342 69.5171
68 8.1 0.983781 72.6608
69 8.22 0.990966 75.922
70 8.34 0.992066 79.2827
71 8.46 0.990421 82.7351
72 8.58 0.995622 86.3049
73 8.7 0.996992 89.9803
74 8.82 1.00263 93.779
75 8.94 1.00198 97.6794
76 9.06 1.00239 101.687
77 9.18 0.998233 105.784
78 9.3 1.00253 110.007
79 9.42 1.00277 114.341
80 9.54 1.00234 118.784
81 9.66 1.0049 123.351
82 9.78 1.00165 128.017
83 9.9 1.00679 132.823
84 10.02 0.992754 137.678
85 10.14 0.998739 142.679
86 10.26 0.998765 147.8
87 10.38 1.0022 153.059
88 10.5 0.995936 158.407
89 10.62 1.00415 163.923
90 10.74 1.0054 169.571
91 10.86 1.00325 175.334
92 10.98 0.995363 181.178
93 11.1 1.0025 187.194
94 11.22 1.0003 193.327
95 11.34 0.996337 199.568
96 11.46 1.00055 205.968
97 11.58 1.00194 212.511
98 11.7 1.00294 219.198
99 11.82 0.999698 226
100 11.94 0.997997 232.93
32000 100
1 0.06 0 0
2 0.18 0 0
3 0.3 0 0
4 0.42 0 0
5 0.54 0 0
6 0.66 0 0
7 0.78 0 0
8 0.9 0 0
9 1.02 0 0
10 1.14 0 0
11 1.26 0 0
12 1.38 0 0
13 1.5 0 0
14 1.62 0 0
15 1.74 0 0
16 1.86 0 0
17 1.98 0 0
18 2.1 0 0
19 2.22 0 0
20 2.34 0 0
21 2.46 0.0251544 0.00745192
22 2.58 0.659182 0.222212
23 2.7 2.34676 1.05952
24 2.82 2.68505 2.10452
25 2.94 1.90753 2.91144
26 3.06 1.29945 3.50692
27 3.18 1.01914 4.0113
28 3.3 0.898957 4.49038
29 3.42 0.87973 4.99394
30 3.54 0.877227 5.53192
31 3.66 0.905487 6.12553
32 3.78 0.918835 6.76803
33 3.9 0.950711 7.47567
34 4.02 0.985118 8.25476
35 4.14 1.00082 9.09423
36 4.26 1.02134 10.0012
37 4.38 1.05108 10.988
38 4.5 1.05992 12.0384
39 4.62 1.07707 13.1634
40 4.74 1.06651 14.336
41 4.86 1.03821 15.536
42 4.98 1.02232 16.7767
43 5.1 1.01059 18.063
44 5.22 0.994293 19.3888
45 5.34 0.969202 20.7413
46 5.46 0.951514 22.1294
47 5.58 0.93623 23.556
48 5.7 0.924209 25.0254
49 5.82 0.930536 26.5678
50 5.94 0.945676 28.2006
51 6.06 0.968083 29.9404
52 6.18 0.979692 31.7714
53 6.3 0.986206 33.6868
54 6.42 1.00919 35.7223
55 6.54 1.01684 37.8506
56 6.66 1.0353 40.0977
57 6.78 1.03015 42.415
58 6.9 1.0375 44.8322
59 7.02 1.03385 47.3253
60 7.14 1.031 49.8974
61 7.26 1.02401 52.5385
62 7.38 1.01551 55.245
63 7.5 1.01588 58.0413
64 7.62 1.00357 60.8928
65 7.74 0.992501 63.8024
66 7.86 0.985344 66.7813
67 7.98 0.981738 69.8406
68 8.1 0.989779 73.0184
69 8.22 0.99264 76.3005
70 8.34 0.994721 79.6862
71 8.46 0.989481 83.1517
72 8.58 0.994268 86.7334
73 8.7 0.987147 90.3897
74 8.82 0.997922 94.1885
75 8.94 1.00016 98.1001
76 9.06 1.0044 102.134
77 9.18 1.0047 106.278
78 9.3 0.999366 110.507
79 9.42 1.0082 114.885
80 9.54 1.00686 119.369
81 9.66 1.00413 123.955
82 9.78 1.00008 128.635
83 9.9 0.995509 133.41
84 10.02 0.996663 138.307
85 10.14 1.00001 143.338
86 10.26 1.00223 148.501
87 10.38 1.00191 153.783
88 10.5 1.0002 159.179
89 10.62 0.999451 164.695
90 10.74 1.00088 170.345
91 10.86 0.999295 176.112
92 10.98 0.997627 181.997
93 11.1 1.00168 188.037
94 11.22 0.9993 194.193
95 11.34 0.999932 200.485
96 11.46 0.998256 206.9
97 11.58 1.00345 213.485
98 11.7 0.999254 220.179
99 11.82 1.00156 227.026
100 11.94 1.00475 234.035
33000 100
1 0.06 0 0
2 0.18 0 0
3 0.3 0 0
4 0.42 0 0
5 0.54 0 0
6 0.66 0 0
7 0.78 0 0
8 0.9 0 0
9 1.02 0 0
10 1.14 0 0
11 1.26 0 0
12 1.38 0 0
13 1.5 0 0
14 1.62 0 0
15 1.74 0 0
16 1.86 0 0
17 1.98 0 0
18 2.1 0 0
19 2.22 0 0
20 2.34 0 0
21 2.46 0.0221279 0.00653846
22 2.58 0.659271 0.220865
23 2.7 2.37045 1.06486
24 2.82 2.67915 2.10543
25 2.94 1.91269 2.91284
26 3.06 1.29408 3.50462
27 3.18 1.01214 4.00447
28 3.3 0.887062 4.47625
29 3.42 0.870186 4.97332
30 3.54 0.880481 5.51216
31 3.66 0.898172 6.09971
32 3.78 0.921821 6.74298
33 3.9 0.946454 7.44601
34 4.02 0.979441 8.21899
35 4.14 1.01278 9.06673
36 4.26 1.03182 9.98115
37 4.38 1.05604 10.9705
38 4.5 1.07218 12.0308
39 4.62 1.06515 13.1411
40 4.74 1.05836 14.3023
41 4.86 1.04206 15.5042
42 4.98 1.02468 16.7452
43 5.1 1.00833 18.0259
44 5.22 0.984557 19.336
45 5.34 0.955239 20.6662
46 5.46 0.953245 22.0539
47 5.58 0.94045 23.4839
48 5.7 0.933112 24.9644
49 5.82 0.938057 26.5161
50 5.94 0.942805 28.1406
51 6.06 0.956631 29.8562
52 6.18 0.974523 31.6738
53 6.3 1.00937 33.6301
54 6.42 1.00864 35.6601
55 6.54 1.01865 37.7878
56 6.66 1.02955 40.0178
57 6.78 1.04006 42.3525
58 6.9 1.03347 44.7553
59 7.02 1.02895 47.2315
60 7.14 1.02659 49.7871
61 7.26 1.03771 52.458
62 7.38 1.01001 55.1442
63 7.5 1.00677 57.9097
64 7.62 0.997987 60.7395
65 7.74 0.992365 63.6425
66 7.86 0.993414 66.6395
67 7.98 0.987443 69.7101
68 8.1 0.987944 72.8755
69 8.22 0.993868 76.1548
70 8.34 0.988456 79.5122
71 8.46 0.993979 82.9863
72 8.58 0.994199 86.5603
73 8.7 0.994115 90.2347
74 8.82 0.9956 94.0168
75 8.94 1.0004 97.9212
76 9.06 0.995624 101.912
77 9.18 0.999053 106.023
78 9.3 1.00521 110.269
79 9.42 1.00156 114.609
80 9.54 1.00322 119.067
81 9.66 1.00372 123.641
82 9.78 0.999505 128.31
83 9.9 0.999753 133.094
84 10.02 0.994959 137.972
85 10.14 1.00399 143.013
86 10.26 1.00172 148.163
87 10.38 1.00121 153.43
88 10.5 1.00085 158.819
89 10.62 1.00215 164.338
90 10.74 0.998263 169.961
91 10.86 0.999261 175.716
92 10.98 1.00193 181.615
93 11.1 1.00339 187.652
94 11.22 1.00257 193.815
95 11.34 0.99925 200.09
96 11.46 0.997982 206.49
97 11.58 1.00228 213.053
98 11.7 1.00174 219.75
99 11.82 1.00139 226.582
100 11.94 1.00051 233.547
34000 100
1 0.06 0 0
2 0.18 0 0
3 0.3 0 0
4 0.42 0 0
5 0.54 0 0
6 0.66 0 0
7 0.78 0 0
8 0.9 0 0
9 1.02 0 0
10 1.14 0 0
11 1.26 0 0
12 1.38 0 0
13 1.5 0 0
14 1.62 0 0
15 1.74 0 0
16 1.86 0 0
17 1.98 0 0
18 2.1 0 0
19 2.22 0 0
20 2.34 0 0
21 2.46 0.0230395 0.00682692
22 2.58 0.676947 0.227404
23 2.7 2.35658 1.06837
24 2.82 2.64153 2.09663
25 2.94 1.92284 2.91019
26 3.06 1.30645 3.50899
27 3.18 1.00947 4.0087
28 3.3 0.932495 4.50582
29 3.42 0.884307 5.01212
30 3.54 0.857656 5.53822
31 3.66 0.899297 6.12788
32 3.78 0.922725 6.77322
33 3.9 0.940676 7.47351
34 4.02 0.961001 8.23365
35 4.14 1.00758 9.07894
36 4.26 1.03104 9.99481
37 4.38 1.0446 10.9756
38 4.5 1.05355 12.0198
39 4.62 1.07517 13.1431
40 4.74 1.05986 14.3087
41 4.86 1.0513 15.524
42 4.98 1.0179 16.7596
43 5.1 1.01085 18.0464
44 5.22 0.982174 19.3563
45 5.34 0.976908 20.7199
46 5.46 0.960916 22.122
47 5.58 0.944866 23.562
48 5.7 0.933116 25.0459
49 5.82 0.93706 26.5995
50 5.94 0.952291 28.244
51 6.06 0.970829 29.989
52 6.18 0.975589 31.8127
53 6.3 0.986459 33.729
54 6.42 0.997817 35.7419
55 6.54 1.01581 37.8685
56 6.66 1.02261 40.0885
57 6.78 1.03163 42.4096
58 6.9 1.03489 44.8211
59 7.02 1.02853 47.3019
60 7.14 1.02956 49.8708
61 7.26 1.02028 52.5028
62 7.38 1.02682 55.2401
63 7.5 1.00937 58.019
64 7.62 0.998829 60.8577
65 7.74 1.0043 63.8024
66 7.86 0.997673 66.8192
67 7.98 0.989419 69.903
68 8.1 0.994709 73.0972
69 8.22 0.988553 76.3664
70 8.34 0.984169 79.7168
71 8.46 0.991575 83.1903
72 8.58 0.989007 86.7538
73 8.7 0.991925 90.4284
74 8.82 0.995367 94.2183
75 8.94 0.996093 98.1149
76 9.06 0.995939 102.116
77 9.18 0.999554 106.239
78 9.3 1.00146 110.478
79 9.42 1.00799 114.856
80 9.54 1.00107 119.315
81 9.66 1.00258 123.894
82 9.78 1.00721 128.609
83 9.9 0.99868 133.4
84 10.02 1.00528 138.34
85 10.14 1.00438 143.395
86 10.26 0.997934 148.536
87 10.38 1.0032 153.826
88 10.5 1.00488 159.249
89 10.62 1.00184 164.779
90 10.74 0.996641 170.406
91 10.86 0.997193 176.162
92 10.98 0.998515 182.054
93 11.1 0.997876 188.071
94 11.22 1.00092 194.239
95 11.34 1.0042 200.559
96 11.46 1.00156 206.997
97 11.58 0.997945 213.547
98 11.7 1.0044 220.276
99 11.82 0.995651 227.084
100 11.94 1.00429 234.092
35000 100
1 0.06 0 0
2 0.18 0 0
3 0.3 0 0
4 0.42 0 0
5 0.54 0 0
6 0.66 0 0
7 0.78 0 0
8 0.9 0 0
9 1.02 0 0
10 1.14 0 0
11 1.26 0 0
12 1.38 0 0
13 1.5 0 0
14 1.62 0 0
15 1.74 0 0
16 1.86 0 0
17 1.98 0 0
18 2.1 0 0
19 2.22 0 0
20 2.34 0 0
21 2.46 0.0191925 0.00567308
22 2.58 0.686409 0.228894
23 2.7 2.33752 1.06139
24 2.82 2.66246 2.09577
25 2.94 1.89714 2.89688
26 3.06 1.31836 3.49995
27 3.18 1.02466 4.00615
28 3.3 0.920336 4.49577
29 3.42 0.86084 4.98764
30 3.54 0.894116 5.535
31 3.66 0.911184 6.13125
32 3.78 0.925774 6.77745
33 3.9 0.950523 7.4837
34 4.02 0.975848 8.25409
35 4.14 1.00742 9.09755
36 4.26 1.01937 10.0012
37 4.38 1.05268 10.9877
38 4.5 1.06906 12.0452
39 4.62 1.0673 13.1581
40 4.74 1.04217 14.3019
41 4.86 1.03685 15.4982
42 4.98 1.02249 16.7369
43 5.1 0.998497 18.0055
44 5.22 0.987332 19.3197
45 5.34 0.975325 20.6783
46 5.46 0.952034 22.0647
47 5.58 0.942528 23.4982
48 5.7 0.92922 24.973
49 5.82 0.939905 26.5282
50 5.94 0.945933 28.1586
51 6.06 0.964029 29.8879
52 6.18 0.983155 31.7221
53 6.3 0.992143 33.6456
54 6.42 1.01412 35.6874
55 6.54 1.01884 37.816
56 6.66 1.02795 40.0432
57 6.78 1.03548 42.3684
58 6.9 1.03095 44.766
59 7.02 1.03625 47.2605
60 7.14 1.03711 49.8431
61 7.26 1.02829 52.4906
62 7.38 1.0139 55.188
63 7.5 1.00306 57.9441
64 7.62 0.998873 60.7772
65 7.74 0.993623 63.6849
66 7.86 0.987769 66.6657
67 7.98 0.994344 69.7587
68 8.1 0.989702 72.9306
69 8.22 0.980569 76.167
70 8.34 0.989248 79.528
71 8.46 0.989466 82.9873
72 8.58 0.994962 86.5651
73 8.7 0.997577 90.2534
74 8.82 0.998921 94.0492
75 8.94 0.996235 97.9386
76 9.06 0.998325 101.941
77 9.18 1.00558 106.081
78 9.3 1.00299 110.318
79 9.42 1.00325 114.667
80 9.54 1.00223 119.122
81 9.66 1.00819 123.718
82 9.78 1.0008 128.394
83 9.9 0.999268 133.178
84 10.02 0.998352 138.074
85 10.14 0.997153 143.082
86 10.26 0.996693 148.207
87 10.38 0.999696 153.469
88 10.5 0.99972 158.852
89 10.62 1.00677 164.399
90 10.74 1.00201 170.045
91 10.86 1.00062 175.809
92 10.98 1.00287 181.715
93 11.1 1.00257 187.749
94 11.22 0.999343 193.894
95 11.34 1.0009 200.181
96 11.46 0.998966 206.59
97 11.58 1.00306 213.16
98 11.7 0.996529 219.823
99 11.82 1.00253 226.665
100 11.94 1.00287 233.649
36000 100
1 0.06 0 0
2 0.18 0 0
3 0.3 0 0
4 0.42 0 0
5 0.54 0 0
6 0.66 0 0
7 0.78 0 0
8 0.9 0 0
9 1.02 0 0
10 1.14 0 0
11 1.26 0 0
12 1.38 0 0
13 1.5 0 0
14 1.62 0 0
15 1.74 0 0
16 1.86 0 0
17 1.98 0 0
18 2.1 0 0
19 2.22 0 0
20 2.34 0 0
21 2.46 0.0196339 0.00581731
22 2.58 0.658259 0.220433
23 2.7 2.32246 1.04962
24 2.82 2.68175 2.09409
25 2.94 1.92041 2.90702
26 3.06 1.31225 3.50875
27 3.18 1.02079 4.01428
28 3.3 0.913806 4.50163
29 3.42 0.882301 5.00702
30 3.54 0.87684 5.54514
31 3.66 0.892767 6.13082
32 3.78 0.919002 6.77389
33 3.9 0.949805 7.48139
34 4.02 0.985095 8.26096
35 4.14 1.00611 9.10548
36 4.26 1.03362 10.024
37 4.38 1.05364 11.0139
38 4.5 1.06273 12.0677
39 4.62 1.0803 13.1969
40 4.74 1.04675 14.3486
41 4.86 1.04036 15.5519
42 4.98 1.02333 16.7947
43 5.1 0.996194 18.0636
44 5.22 0.988304 19.3823
45 5.34 0.967983 20.734
46 5.46 0.950698 22.1219
47 5.58 0.937751 23.5517
48 5.7 0.933627 25.0372
49 5.82 0.931304 26.5819
50 5.94 0.950753 28.2246
51 6.06 0.965246 29.9604
52 6.18 0.977765 31.7891
53 6.3 0.99889 33.7306
54 6.42 1.00887 35.7668
55 6.54 1.02091 37.9051
56 6.66 1.02118 40.1231
57 6.78 1.03936 42.4627
58 6.9 1.03177 44.8681
59 7.02 1.03982 47.3775
60 7.14 1.03116 49.9516
61 7.26 1.02613 52.6001
62 7.38 1.01637 55.3108
63 7.5 1.00506 58.0793
64 7.62 1.00629 60.9405
65 7.74 0.993925 63.8563
66 7.86 0.990091 66.8515
67 7.98 0.98637 69.9274
68 8.1 0.982797 73.0849
69 8.22 0.989496 76.3589
70 8.34 0.993996 79.7445
71 8.46 0.994729 83.2307
72 8.58 0.992148 86.8073
73 8.7 0.995072 90.4955
74 8.82 0.997368 94.2948
75 8.94 0.999535 98.2067
76 9.06 0.998727 102.221
77 9.18 1.00331 106.361
78 9.3 1.0016 110.603
79 9.42 0.998208 114.941
80 9.54 0.999736 119.396
81 9.66 1.00238 123.977
82 9.78 0.997233 128.648
83 9.9 1.00484 133.47
84 10.02 1.00077 138.39
85 10.14 1.00233 143.437
86 10.26 1.00116 148.598
87 10.38 0.998297 153.865
88 10.5 1.00307 159.28
89 10.62 1.00259 164.817
90 10.74 1.00621 170.501
91 10.86 1.00177 176.286
92 10.98 1.00178 182.2
93 11.1 1.00157 188.243
94 11.22 1.00572 194.443
95 11.34 1.00091 200.746
96 11.46 1.00165 207.187
97 11.58 0.996921 213.734
98 11.7 0.994017 220.397
99 11.82 0.999611 227.235
100 11.94 0.999356 234.212
37000 100
1 0.06 0 0
2 0.18 0 0
3 0.3 0 0
4 0.42 0 0
5 0.54 0 0
6 0.66 0 0
7 0.78 0 0
8 0.9 0 0
9 1.02 0 0
10 1.14 0 0
11 1.26 0 0
12 1.38 0 0
13 1.5 0 0
14 1.62 0 0
15 1.74 0 0
16 1.86 0 0
17 1.98 0 0
18 2.1 0 0
19 2.22 0 0
20 2.34 0 0
21 2.46 0.0230869 0.00682692
22 2.58 0.666943 0.223702
23 2.7 2.35108 1.06096
24 2.82 2.65907 2.09394
25 2.94 1.91202 2.90125
26 3.06 1.31871 3.50442
27 3.18 1.02436 4.01043
28 3.3 0.919059 4.49933
29 3.42 0.875689 4.99966
30 3.54 0.900224 5.55072
31 3.66 0.899422 6.13923
32 3.78 0.922688 6.78322
33 3.9 0.930711 7.47471
34 4.02 0.961452 8.23365
35 4.14 1.00556 9.07548
36 4.26 1.03251 9.99072
37 4.38 1.06314 10.9869
38 4.5 1.05732 12.0327
39 4.62 1.05418 13.1318
40 4.74 1.05519 14.2898
41 4.86 1.03394 15.4827
42 4.98 1.02434 16.7236
43 5.1 1.00491 18.0002
44 5.22 0.991526 19.3199
45 5.34 0.979749 20.6845
46 5.46 0.95088 22.0691
47 5.58 0.946441 23.5085
48 5.7 0.945673 25.0092
49 5.82 0.929609 26.5472
50 5.94 0.956632 28.1959
51 6.06 0.958857 29.9158
52 6.18 0.980038 31.744
53 6.3 0.996165 33.6752
54 6.42 1.00487 35.6981
55 6.54 1.02007 37.8292
56 6.66 1.03552 40.0726
57 6.78 1.02483 42.3737
58 6.9 1.03585 44.7825
59 7.02 1.02677 47.2539
60 7.14 1.02525 49.8068
61 7.26 1.01963 52.4318
62 7.38 1.01677 55.1367
63 7.5 1.0053 57.8987
64 7.62 0.997662 60.7281
65 7.74 0.991001 63.6278
66 7.86 0.994458 66.6287
67 7.98 0.984275 69.6901
68 8.1 0.998102 72.8887
69 8.22 0.983625 76.1348
70 8.34 0.995745 79.5177
71 8.46 0.99017 82.979
72 8.58 0.999197 86.5718
73 8.7 0.99172 90.2381
74 8.82 0.995004 94.0188
75 8.94 0.997874 97.9142
76 9.06 1.00358 101.938
77 9.18 1.00811 106.087
78 9.3 1.00354 110.327
79 9.42 0.996873 114.647
80 9.54 1.00187 119.101
81 9.66 1.0006 123.661
82 9.78 1.00289 128.347
83 9.9 1.0063 133.164
84 10.02 1.00085 138.072
85 10.14 0.999342 143.091
86 10.26 0.997052 148.217
87 10.38 1.00102 153.485
88 10.5 1.00567 158.9
89 10.62 1.00638 164.444
90 10.74 1.00165 170.088
91 10.86 0.999511 175.845
92 10.98 0.999501 181.731
93 11.1 0.997682 187.735
94 11.22 0.998381 193.874
95 11.34 0.998253 200.144
96 11.46 0.992595 206.511
97 11.58 1.00049 213.064
98 11.7 0.998133 219.737
99 11.82 1.0015 226.571
100 11.94 0.996152 233.508
38000 100
1 0.06 0 0
2 0.18 0 0
3 0.3 0 0
4 0.42 0 0
5 0.54 0 0
6 0.66 0 0
7 0.78 0 0
8 0.9 0 0
9 1.02 0 0
10 1.14 0 0
11 1.26 0 0
12 1.38 0 0
13 1.5 0 0
14 1.62 0 0
15 1.74 0 0
16 1.86 0 0
17 1.98 0 0
18 2.1 0 0
19 2.22 0 0
20 2.34 0 0
21 2.46 0.019752 0.00586538
22 2.58 0.664207 0.222788
23 2.7 2.34742 1.06236
24 2.82 2.67362 2.10548
25 2.94 1.88956 2.90678
26 3.06 1.3064 3.50692
27 3.18 1.00919 4.0076
28 3.3 0.928345 4.50356
29 3.42 0.885537 5.01168
30 3.54 0.904939 5.56803
31 3.66 0.916548 6.17034
32 3.78 0.930401 6.8225
33 3.9 0.943207 7.5263
34 4.02 0.977257 8.30106
35 4.14 1.0042 9.14543
36 4.26 1.04415 10.075
37 4.38 1.0391 11.0529
38 4.5 1.04665 12.0927
39 4.62 1.06813 13.2111
40 4.74 1.04588 14.3638
41 4.86 1.03173 15.5593
42 4.98 1.01697 16.7965
43 5.1 0.999898 18.0724
44 5.22 0.977328 19.3788
45 5.34 0.971905 20.7383
46 5.46 0.954619 22.1344
47 5.58 0.937516 23.5663
48 5.7 0.942989 25.0693
49 5.82 0.93614 26.6249
50 5.94 0.946169 28.2625
51 6.06 0.966536 30.0038
52 6.18 0.988379 31.8555
53 6.3 0.991552 33.7861
54 6.42 1.01657 35.8414
55 6.54 1.02698 37.9962
56 6.66 1.02869 40.2345
57 6.78 1.03046 42.5582
58 6.9 1.03984 44.9867
59 7.02 1.03709 47.4938
60 7.14 1.02569 50.0589
61 7.26 1.01734 52.6893
62 7.38 1.01592 55.4036
63 7.5 1.00671 58.1814
64 7.62 0.997588 61.0229
65 7.74 0.991497 63.9366
66 7.86 0.986531 66.9264
67 7.98 0.988903 70.0156
68 8.1 0.988383 73.1967
69 8.22 0.988982 76.4747
70 8.34 0.989665 79.8514
71 8.46 0.989147 83.3242
72 8.58 0.990962 86.9028
73 8.7 1.0001 90.6162
74 8.82 0.997356 94.4222
75 8.94 0.996444 98.3289
76 9.06 1.00389 102.371
77 9.18 0.998419 106.499
78 9.3 1.00074 110.744
79 9.42 1.00545 115.121
80 9.54 1.00729 119.618
81 9.66 0.997886 124.186
82 9.78 1.0021 128.888
83 9.9 1.00102 133.7
84 10.02 0.997613 138.614
85 10.14 1.00053 143.66
86 10.26 1.00289 148.839
87 10.38 1.00098 154.13
88 10.5 0.997883 159.526
89 10.62 1.00782 165.102
90 10.74 1.00454 170.786
91 10.86 1.00047 176.574
92 10.98 0.998446 182.479
93 11.1 0.999752 188.521
94 11.22 1.00375 194.72
95 11.34 1.00004 201.029
96 11.46 1.0002 207.472
97 11.58 1.0036 214.074
98 11.7 0.996261 220.764
99 11.82 1.00105 227.625
100 11.94 0.995919 234.589
39000 100
1 0.06 0 0
2 0.18 0 0
3 0.3 0 0
4 0.42 0 0
5 0.54 0 0
6 0.66 0 0
7 0.78 0 0
8 0.9 0 0
9 1.02 0 0
10 1.14 0 0
11 1.26 0 0
12 1.38 0 0
13 1.5 0 0
14 1.62 0 0
15 1.74 0 0
16 1.86 0 0
17 1.98 0 0
18 2.1 0 0
19 2.22 0 0
20 2.34 0 0
21 2.46 0.0207706 0.00615385
22 2.58 0.674876 0.226058
23 2.7 2.34917 1.06428
24 2.82 2.66997 2.10351
25 2.94 1.91876 2.91524
26 3.06 1.27997 3.50183
27 3.18 1.01051 4.00197
28 3.3 0.912308 4.48822
29 3.42 0.887238 4.99611
30 3.54 0.872837 5.53144
31 3.66 0.910905 6.12865
32 3.78 0.912863 6.76702
33 3.9 0.958821 7.48077
34 4.02 0.984487 8.25937
35 4.14 1.00367 9.1013
36 4.26 1.0391 10.0242
37 4.38 1.04966 11.0097
38 4.5 1.06287 12.063
39 4.62 1.06294 13.1734
40 4.74 1.05449 14.3329
41 4.86 1.03961 15.5347
42 4.98 1.02137 16.7743
43 5.1 1.00774 18.0571
44 5.22 0.978532 19.362
45 5.34 0.960667 20.7026
46 5.46 0.950563 22.0895
47 5.58 0.945381 23.53
48 5.7 0.925315 25.0013
49 5.82 0.937575 26.5555
50 5.94 0.941184 28.1807
51 6.06 0.968859 29.922
52 6.18 0.99148 31.7752
53 6.3 0.998447 33.7146
54 6.42 1.01194 35.7558
55 6.54 1.02445 37.9001
56 6.66 1.0284 40.1325
57 6.78 1.02097 42.4293
58 6.9 1.04548 44.8652
59 7.02 1.02492 47.337
60 7.14 1.02956 49.9057
61 7.26 1.03019 52.5629
62 7.38 1.01288 55.2627
63 7.5 0.997188 58.0077
64 7.62 1.00553 60.8651
65 7.74 0.994585 63.781
66 7.86 0.99283 66.7827
67 7.98 0.985829 69.855
68 8.1 0.980575 73.0035
69 8.22 0.991372 76.2815
70 8.34 0.984411 79.6325
71 8.46 0.994093 83.1144
72 8.58 1.00097 86.7205
73 8.7 0.999472 90.4227
74 8.82 1.00724 94.2574
75 8.94 0.998883 98.1644
76 9.06 1.00014 102.182
77 9.18 1.00602 106.331
78 9.3 1.00135 110.569
79 9.42 0.997539 114.901
80 9.54 1.00004 119.355
81 9.66 0.999071 123.918
82 9.78 1.00254 128.61
83 9.9 1.00138 133.414
84 10.02 0.993624 138.296
85 10.14 1.00011 143.328
86 10.26 1.0037 148.499
87 10.38 1.00422 153.794
88 10.5 0.996833 159.172
89 10.62 1.00034 164.693
90 10.74 0.99888 170.332
91 10.86 1.00333 176.123
92 10.98 1.00139 182.031
93 11.1 0.999122 188.056
94 11.22 1.00369 194.239
95 11.34 1.00292 200.55
96 11.46 1.00107 206.984
97 11.58 0.997511 213.531
98 11.7 0.999802 220.228
99 11.82 0.997959 227.052
100 11.94 0.995928 234
40000 100
1 0.06 0 0
2 0.18 0 0
3 0.3 0 0
4 0.42 0 0
5 0.54 0 0
6 0.66 0 0
7 0.78 0 0
8 0.9 0 0
9 1.02 0 0
10 1.14 0 0
11 1.26 0 0
12 1.38 0 0
13 1.5 0 0
14 1.62 0 0
15 1.74 0 0
16 1.86 0 0
17 1.98 0 0
18 2.1 0 0
19 2.22 0 0
20 2.34 0.000179858 4.80769e-05
21 2.46 0.0198798 0.00596154
22 2.58 0.674755 0.226683
23 2.7 2.34397 1.06644
24 2.82 2.68346 2.11514
25 2.94 1.87601 2.91202
26 3.06 1.30583 3.51288
27 3.18 1.02875 4.02413
28 3.3 0.905687 4.50875
29 3.42 0.887773 5.01904
30 3.54 0.896736 5.57125
31 3.66 0.906684 6.16808
32 3.78 0.926557 6.81865
33 3.9 0.96439 7.53947
34 4.02 0.974816 8.31356
35 4.14 0.985082 9.14322
36 4.26 1.04839 10.0781
37 4.38 1.05585 11.0735
38 4.5 1.06374 12.1319
39 4.62 1.06302 13.2468
40 4.74 1.05133 14.4075
41 4.86 1.03695 15.6111
42 4.98 1.02184 16.8563
43 5.1 1.00702 18.1433
44 5.22 0.981444 19.4575
45 5.34 0.968734 20.8148
46 5.46 0.945306 22.1996
47 5.58 0.931971 23.6255
48 5.7 0.928957 25.1085
49 5.82 0.932262 26.6601
50 5.94 0.938897 28.2879
51 6.06 0.963749 30.027
52 6.18 0.974882 31.8565
53 6.3 0.995389 33.7978
54 6.42 1.01143 35.8462
55 6.54 1.03125 38.0135
56 6.66 1.02794 40.2539
57 6.78 1.04453 42.6132
58 6.9 1.0394 45.0448
59 7.02 1.04405 47.5729
60 7.14 1.03536 50.1664
61 7.26 1.02982 52.8336
62 7.38 1.00954 55.5352
63 7.5 1.01064 58.3286
64 7.62 0.996448 61.1715
65 7.74 0.992045 64.0917
66 7.86 0.988227 67.0916
67 7.98 0.988895 70.1859
68 8.1 0.983746 73.3574
69 8.22 0.986628 76.6331
70 8.34 0.982915 79.9925
71 8.46 0.98851 83.4688
72 8.58 0.993721 87.0633
73 8.7 0.994834 90.7632
74 8.82 0.998569 94.5802
75 8.94 1.00375 98.5221
76 9.06 0.999697 102.554
77 9.18 1.00344 106.709
78 9.3 1.00118 110.964
79 9.42 1.00289 115.337
80 9.54 1.0048 119.83
81 9.66 1.0044 124.435
82 9.78 1.00002 129.135
83 9.9 1.00249 133.963
84 10.02 1.00107 138.902
85 10.14 0.999334 143.95
86 10.26 0.998111 149.113
87 10.38 1.00473 154.432
88 10.5 0.993382 159.814
89 10.62 0.998769 165.349
90 10.74 0.99761 171.003
91 10.86 1.00489 176.826
92 10.98 1.00717 182.792
93 11.1 0.999743 188.845
94 11.22 0.999758 195.029
95 11.34 1.00083 201.353
96 11.46 1.00071 207.811
97 11.58 1.00151 214.41
98 11.7 1.0015 221.146
99 11.82 0.998248 227.999
100 11.94 1.00093 235.011
